2000/1:10,13,16,27,30,31,39 12,28,38
2000/2:3,15,16,25,29,33,39 6,20,30
2000/3:1,5,19,23,25,31,39 2,14,30
2000/4:1,6,7,9,14,23,34 22,30,37
2000/5:3,7,17,18,27,30,35 26,28,34
2000/6:9,12,13,15,18,19,21 2,7,34
2000/7:2,6,7,8,13,26,35 1,4,14
2000/8:4,9,13,19,20,29,34 16,27,37
2000/9:7,9,11,13,32,36,38 12,21,28
2000/10:6,10,22,23,30,33,35 3,14,28
2000/11:3,13,14,17,23,24,37 15,22,28
2000/12:5,6,14,22,24,25,31 10,23,39
2000/13:2,5,6,10,24,30,37 21,29,36
2000/14:2,3,10,18,19,27,36 14,17,38
2000/15:4,15,20,31,33,36,37 12,16,27
2000/16:6,18,21,28,30,33,36 12,17,38
2000/17:5,7,18,19,20,28,32 2,6,29
2000/18:2,5,8,11,29,36,37 1,3,12
2000/19:4,8,14,25,29,30,37 12,22,32
2000/20:18,20,23,27,35,37,39 6,12,29
2000/21:3,12,14,15,16,20,37 1,4,18
2000/22:4,5,6,11,19,29,34 9,30,36
2000/23:7,9,14,19,23,25,39 2,26,29
2000/24:3,4,9,28,29,32,34 25,35,37
2000/25:2,11,19,23,27,30,34 3,8,38
2000/26:4,10,11,13,16,18,37 2,27,30
2000/27:18,22,23,25,26,31,34 29,30,37
2000/28:9,11,14,15,24,29,31 18,25,28
2000/29:1,5,7,10,16,19,21 9,18,33
2000/30:4,5,9,14,17,30,39 7,28,32
2000/31:2,11,17,25,26,32,38 1,30,37
2000/32:2,16,20,22,32,35,36 23,33,37
2000/33:4,6,8,13,15,22,37 20,24,25
2000/34:1,3,18,20,24,28,33 15,22,29
2000/35:
2000/36:1,5,6,8,16,30,39 10,12,36
2000/37:6,14,15,16,20,28,33 3,19,37
2000/38:9,10,14,23,30,36,38 20,29,33
2000/39:1,2,19,28,29,34,39 4,9,27
2000/40:2,5,16,25,31,34,38 7,19,36
2000/41:7,14,18,23,29,32,35 19,24,39
2000/42:3,6,13,18,19,21,29 25,35,37
2000/43:1,4,9,13,15,38,39 7,34,37
2000/44:2,7,13,24,28,33,39 19,30,31
2000/45:5,14,15,18,23,33,38 17,22,34
2000/46:6,7,11,12,19,20,36 3,10,26
2000/47:3,5,6,7,12,14,20 19,26,34
2000/48:1,4,25,26,32,34,37 15,16,28
2000/49:2,6,7,9,19,25,33 10,32,37
2000/50:4,15,19,22,29,31,37 18,20,24
2000/51:
2000/52:3,5,11,22,27,33,39 2,4,10
2001/1:5,8,22,28,30,33,37 7,10,21
2001/2:5,20,22,23,33,34,37 13,31,36
2001/3:1,5,7,12,24,29,33 4,6,11
2001/4:4,6,16,25,29,31,34 20,21,36
2001/5:1,2,7,10,23,28,39 13,18,32
2001/6:2,4,8,9,14,22,33 28,29,30
2001/7:9,11,16,20,31,35,36 10,23,32
2001/8:1,3,4,5,17,18,24 15,20,21
2001/9:2,7,13,20,29,31,37 4,18,39
2001/10:2,15,16,21,25,36,38 13,19,34
2001/11:7,10,13,14,16,21,33 6,11,32
2001/12:2,5,7,13,17,20,29 4,22,33
2001/13:12,15,17,18,34,35,39 1,3,6
2001/14:3,9,16,17,18,28,39 4,6,33
2001/15:15,17,18,20,22,35,37 7,16,32
2001/16:5,9,13,17,25,27,34 6,21,31
2001/17:9,11,17,19,24,35,37 7,28,30
2001/18:6,13,15,20,27,30,32 11,19,22
2001/19:5,22,24,28,30,35,39 16,27,34
2001/20:3,5,18,31,36,38,39 6,25,37
2001/21:1,2,10,12,15,31,35 11,17,21
2001/22:1,5,19,23,33,35,39 12,18,21
2001/23:1,2,4,5,8,32,35 17,25,36
2001/24:3,5,13,20,25,32,37 33,35,36
2001/25:4,8,24,27,28,34,36 6,7,23
2001/26:1,5,11,13,17,27,29 9,21,37
2001/27:6,9,11,16,25,34,35 7,18,39
2001/28:3,9,24,25,26,33,38 20,28,29
2001/29:2,6,10,12,20,32,36 8,25,30
2001/30:5,18,20,21,27,29,35 12,28,33
2001/31:1,12,15,22,32,37,38 2,21,39
2001/32:5,7,8,11,22,27,35 6,30,37
2001/33:8,14,15,22,26,27,29 12,17,18
2001/34:4,5,12,27,28,33,37 10,18,31
2001/35:4,10,17,21,26,31,36 2,20,28
2001/36:1,4,6,7,11,16,31 10,15,22
2001/37:8,10,23,30,32,34,35 33,38,39
2001/38:4,9,10,20,29,30,33 1,6,16
2001/39:3,5,24,25,30,35,36 8,10,20
2001/40:6,16,21,27,29,32,36 1,14,31
2001/41:4,13,18,19,25,28,35 11,22,23
2001/42:7,8,11,13,25,34,37 3,38,39
2001/43:3,4,9,10,15,24,26 8,13,27
2001/44:8,10,12,13,18,33,39 5,24,30
2001/45:6,7,10,12,19,31,38 2,8,11
2001/46:13,25,29,35,36,37,38 8,22,34
2001/47:3,6,9,12,13,14,39 23,32,34
2001/48:2,9,15,17,24,26,27 8,25,31
2001/49:
2001/50:1,14,16,27,30,36,38 25,28,35
2001/51:1,2,13,15,16,37,38 10,24,25
2001/52:3,6,12,26,29,38,39 16,25,34
2002/1:12,13,18,20,26,34,39 3,15,25
2002/2:2,7,15,24,25,34,39 4,18,23
2002/3:3,10,16,27,28,31,33 21,29,32
2002/4:5,7,14,21,26,35,36 3,8,34
2002/5:2,9,18,25,32,34,35 1,4,22
2002/6:5,7,13,20,21,23,32 30,31,34
2002/7:2,12,13,19,23,26,32 7,31,39
2002/8:3,9,19,24,33,35,38 15,23,29
2002/9:3,5,12,15,18,19,30 10,14,21
2002/10:4,9,22,25,30,38,39 5,10,14
2002/11:9,10,14,22,25,26,36 5,11,24
2002/12:1,8,9,17,19,25,29 18,31,36
2002/13:11,16,17,18,24,30,35 29,36,38
2002/14:9,13,15,18,20,30,35 27,37,38
2002/15:4,7,13,23,24,28,39 9,14,32
2002/16:5,8,9,21,22,25,26 10,33,37
2002/17:1,3,15,25,29,37,38 11,24,30
2002/18:4,5,10,13,22,30,31 17,21,25
2002/19:10,16,17,25,30,36,38 9,27,34
2002/20:2,3,10,25,26,31,34 1,30,36
2002/21:1,10,15,28,30,34,35 11,14,29
2002/22:3,4,6,15,18,36,37 10,20,28
2002/23:8,11,13,20,21,22,28 10,17,23
2002/24:7,8,10,16,22,29,36 28,33,37
2002/25:6,16,18,19,20,22,38 1,29,32
2002/26:10,19,31,32,33,34,36 25,27,30
2002/27:5,8,12,20,26,30,38 14,19,39
2002/28:2,12,13,22,27,36,37 10,14,21
2002/29:1,6,12,23,24,25,28 10,16,22
2002/30:7,10,11,13,26,30,39 1,4,36
2002/31:2,3,8,13,26,35,39 15,24,32
2002/32:6,14,16,26,32,35,36 19,24,33
2002/33:10,13,15,18,19,28,36 3,4,26
2002/34:4,6,17,19,21,24,25 5,12,29
2002/35:4,22,25,30,31,34,38 17,24,33
2002/36:13,16,21,28,30,34,35 22,23,36
2002/37:6,7,9,11,21,34,35 29,30,37
2002/38:10,12,14,18,24,27,33 6,15,31
2002/39:3,12,24,26,32,33,38 2,27,34
2002/40:8,14,24,27,29,34,36 2,5,19
2002/41:1,2,23,25,27,29,38 4,8,21
2002/42:1,7,9,12,21,22,30 13,14,19
2002/43:11,17,23,26,30,36,37 16,18,21
2002/44:3,9,11,15,29,30,32 4,33,36
2002/45:6,16,17,24,25,29,32 5,19,37
2002/46:
2002/47:1,3,6,8,19,22,35 2,5,12
2002/48:3,8,10,13,18,28,37 11,21,34
2002/49:6,7,12,26,29,35,36 3,5,17
2002/50:8,10,15,18,19,27,36 4,17,25
2002/51:9,16,20,21,28,29,34 10,19,38
2002/52:3,6,11,20,28,30,35 2,14,21
2003/1:9,17,19,22,28,30,37 18,21,25
2003/2:3,4,11,15,17,27,39 18,22,34
2003/3:4,5,29,32,36,37,38 13,14,15
2003/4:4,7,10,13,18,24,31 17,29,33
2003/5:14,15,21,25,28,34,38 2,33,37
2003/6:3,17,23,28,29,36,39 22,27,37
2003/7:4,20,22,23,27,34,38 9,13,14
2003/8:1,7,9,19,20,21,26 11,18,31
2003/9:1,3,17,18,23,28,34 7,25,31
2003/10:4,6,12,13,18,23,36 9,16,19
2003/11:5,6,12,22,26,28,36 9,24,34
2003/12:2,3,9,23,24,25,27 22,31,38
2003/13:9,14,16,18,23,29,39 5,31,32
2003/14:4,5,6,8,15,21,35 3,12,31
2003/15:2,8,9,19,27,31,39 1,10,23
2003/16:3,7,11,13,33,38,39 4,19,30
2003/17:14,16,21,24,32,33,36 4,9,28
2003/18:9,21,25,34,35,38,39 7,13,27
2003/19:6,17,18,23,25,30,32 15,34,37
2003/20:3,7,16,17,19,22,24 4,15,31
2003/21:1,5,18,21,25,33,37 3,14,39
2003/22:6,15,18,20,32,35,36 3,16,22
2003/23:1,3,19,24,27,32,36 11,13,17
2003/24:1,6,13,19,22,23,38 9,18,30
2003/25:1,6,12,14,25,31,34 19,27,28
2003/26:9,15,19,24,27,30,31 2,28,36
2003/27:2,7,18,19,31,33,38 15,26,34
2003/28:12,17,19,25,26,31,39 7,11,28
2003/29:12,14,16,19,27,37,39 3,5,22
2003/30:4,7,15,21,23,28,35 2,12,19
2003/31:4,5,10,14,15,24,37 18,21,39
2003/32:8,11,12,21,22,25,29 15,32,34
2003/33:2,14,15,24,32,35,38 4,21,26
2003/34:11,12,13,15,28,36,38 5,25,39
2003/35:6,9,21,28,33,36,38 3,19,39
2003/36:20,25,28,29,31,33,37 3,22,38
2003/37:4,6,16,23,34,36,38 5,19,32
2003/38:2,3,12,17,28,32,38 26,33,36
2003/39:8,13,27,28,33,34,38 16,23,37
2003/40:8,9,15,24,29,35,36 1,6,18
2003/41:2,4,9,19,21,28,35 3,7,11
2003/42:4,20,21,27,33,37,38 3,12,39
2003/43:5,6,14,29,30,34,37 17,20,31
2003/44:5,13,25,26,27,30,34 31,36,39
2003/45:2,10,11,27,28,36,38 3,8,32
2003/46:3,8,20,29,34,35,39 1,17,24
2003/47:2,6,14,24,26,29,31 4,19,35
2003/48:1,2,3,18,25,27,30 10,33,37
2003/49:2,5,10,14,16,17,23 30,37,38
2003/50:1,7,15,23,25,28,39 4,18,24
2003/51:2,3,7,8,9,22,25 1,5,13
2003/52:5,13,17,23,37,38,39 6,22,35
2004/1:3,6,7,8,21,32,34 1,24,39
2004/2:2,7,14,28,29,33,39 1,3,30
2004/3:12,17,19,23,24,28,30 9,13,37
2004/4:2,7,19,23,26,27,31 16,20,36
2004/5:2,6,11,12,15,17,30 3,20,34
2004/6:
2004/7:
2004/8:
2004/9:
2004/10:
2004/11:
2004/12:
2004/13:
2004/14:
2004/15:
2004/16:11,17,18,19,20,25,38 15,26,35
2004/17:5,7,14,18,20,23,27 3,11,28
2004/18:6,16,20,26,27,28,32 2,4,33
2004/19:1,7,10,19,28,30,38 2,4,5
2004/20:14,23,27,28,31,33,36 16,22,29
2004/21:3,12,17,19,33,36,39 21,23,38
2004/22:2,3,12,20,25,30,37 4,18,22
2004/23:1,6,11,15,21,28,38 19,20,24
2004/24:14,17,18,19,22,27,33 13,28,32
2004/25:2,3,5,12,18,30,32 16,38,39
2004/26:2,4,8,17,18,33,34 13,27,35
2004/27:1,5,10,25,27,29,32 9,12,22
2004/28:2,10,25,30,36,37,39 18,32,35
2004/29:10,15,19,21,22,23,37 1,6,26
2004/30:8,15,22,23,33,38,39 1,19,30
2004/31:10,20,21,27,30,31,36 6,22,29
2004/32:2,5,7,13,16,35,36 8,12,29
2004/33:5,10,18,35,36,37,39 13,23,34
2004/34:5,6,9,23,31,37,39 22,29,34
2004/35:3,5,16,19,27,29,33 10,12,23
2004/36:1,9,14,22,29,30,35 3,6,21
2004/37:1,2,14,21,22,33,39 24,31,32
2004/38:2,7,11,15,19,25,27 10,14,28
2004/39:3,11,13,21,30,36,39 2,19,23
2004/40:
2004/41:14,18,20,23,27,33,34 13,22,38
2004/42:1,4,12,18,21,28,35 15,19,24
2004/43:2,7,11,18,22,30,34 3,14,20
2004/44:1,15,17,22,23,25,34 2,6,35
2004/45:5,11,17,22,24,34,35 10,13,33
2004/46:
2004/47:1,2,6,11,18,24,29 7,8,17
2004/48:7,13,22,23,28,33,36 11,30,35
2004/49:2,13,17,23,24,32,33 7,31,35
2004/50:5,8,17,26,34,36,39 15,30,38
2004/51:
2004/52:
2005/1:1,2,7,9,11,23,36 3,27,31
2005/2:4,6,11,16,23,24,37 13,17,19
2005/3:1,13,17,18,20,35,37 3,30,34
2005/4:3,8,10,15,24,25,34 16,28,35
2005/5:2,4,12,25,26,32,36 17,23,35
2005/6:1,6,11,14,31,34,37 2,18,22
2005/7:10,15,19,20,22,25,37 6,9,28
2005/8:
2005/9:1,7,24,25,28,29,36 8,10,14
2005/10:1,12,18,21,26,27,33 14,24,32
2005/11:5,6,10,19,29,37,38 9,15,17
2005/12:3,6,18,22,25,27,33 24,29,34
2005/13:5,13,14,16,26,28,38 11,15,34
2005/14:
2005/15:7,18,21,22,25,29,39 1,13,35
2005/16:
2005/17:13,18,20,25,27,28,29 6,9,16
2005/18:2,6,7,9,19,22,26 4,30,33
2005/19:2,5,11,12,15,29,34 1,7,24
2005/20:1,8,10,16,19,20,27 15,35,36
2005/21:9,15,18,22,23,30,31 1,10,35
2005/22:3,10,17,18,25,38,39 1,21,31
2005/23:2,3,24,28,29,33,38 4,25,27
2005/24:7,15,19,21,33,36,37 11,16,28
2005/25:4,10,16,17,21,28,36 13,14,39
2005/26:2,5,8,17,21,25,33 4,22,38
2005/27:14,16,21,25,27,30,37 4,5,19
2005/28:1,2,3,12,31,33,38 6,25,36
2005/29:2,9,11,12,16,18,36 19,22,39
2005/30:5,14,21,23,28,33,37 4,8,12
2005/31:4,5,10,21,23,33,34 6,7,19
2005/32:5,9,16,19,20,37,38 11,17,31
2005/33:
2005/34:10,12,14,16,24,27,39 7,8,22
2005/35:1,4,6,19,30,33,37 2,13,24
2005/36:
2005/37:7,18,21,26,29,30,31 1,24,39
2005/38:10,12,20,21,22,26,39 3,17,25
2005/39:3,6,14,17,18,25,31 2,4,7
2005/40:1,2,11,15,23,26,33 7,18,20
2005/41:
2005/42:1,19,26,28,31,36,39 7,23,29
2005/43:4,7,8,12,15,35,37 17,23,31
2005/44:
2005/45:2,3,8,10,19,21,27 4,13,24
2005/46:4,13,14,25,28,36,37 3,35,39
2005/47:1,6,16,25,32,33,38 4,27,35
2005/48:
2005/49:9,20,24,25,27,34,38 7,15,21
2005/50:8,17,18,19,25,32,33 1,27,34
2005/51:1,12,14,19,21,26,33 9,15,34
2005/52:
2006/1:2,10,12,13,20,25,27 3,19,39
2006/2:1,13,15,23,25,29,33 3,4,17
2006/3:1,4,15,22,24,36,37 16,28,32
2006/4:4,9,12,22,32,33,34 18,25,31
2006/5:2,6,11,12,15,16,27 5,21,33
2006/6:2,9,11,17,19,20,30 5,15,34
2006/7:4,5,6,7,18,22,34 2,11,24
2006/8:5,7,15,23,26,27,39 16,17,33
2006/9:7,14,22,27,30,34,36 5,18,29
2006/10:1,6,11,12,18,28,35 3,30,38
2006/11:1,3,4,14,20,22,32 2,15,25
2006/12:4,6,13,20,27,33,36 18,19,29
2006/13:4,13,18,20,22,32,33 1,10,27
2006/14:7,16,20,23,24,28,31 2,10,13
2006/15:15,24,25,27,28,31,37 5,8,26
2006/16:7,10,14,29,32,35,36 2,3,23
2006/17:4,8,18,21,23,27,32 12,14,37
2006/18:7,8,13,20,23,24,29 6,25,36
2006/19:1,5,21,23,24,25,26 7,20,29
2006/20:9,18,23,26,31,38,39 4,11,21
2006/21:7,16,18,20,32,38,39 22,36,37
2006/22:1,4,12,21,22,27,30 11,32,33
2006/23:
2006/24:13,15,24,27,31,32,35 20,21,36
2006/25:
2006/26:2,8,13,24,26,29,36 14,25,39
2006/27:5,6,9,14,20,31,39 7,16,33
2006/28:4,10,19,27,30,34,39 6,24,29
2006/29:8,11,14,28,35,36,39 5,17,37
2006/30:5,14,23,24,25,27,37 3,17,30
2006/31:6,19,21,29,30,37,38 1,4,9
2006/32:3,13,16,19,31,32,36 7,9,29
2006/33:6,13,19,24,28,30,32 3,25,35
2006/34:26,30,32,34,35,37,38 3,4,5
2006/35:13,14,15,23,25,35,39 7,9,21
2006/36:4,6,12,15,17,22,27 9,10,31
2006/37:15,20,24,27,29,31,32 9,11,16
2006/38:2,7,12,29,30,31,38 8,15,39
2006/39:3,6,8,9,14,30,31 19,23,33
2006/40:
2006/41:5,8,9,22,24,30,35 10,11,14
2006/42:3,8,16,19,29,31,38 4,5,15
2006/43:4,17,20,26,27,32,39 2,31,38
2006/44:1,11,13,28,30,32,38 5,17,33
2006/45:1,2,17,18,22,25,26 6,23,32
2006/46:3,7,11,22,28,32,36 23,24,29
2006/47:
2006/48:3,8,22,26,27,31,34 5,15,36
2006/49:2,3,10,20,27,33,36 9,19,29
2006/50:2,5,10,18,27,29,37 8,14,38
2006/51:2,11,20,25,26,30,33 17,19,29
2006/52:
2007/1:7,16,18,27,30,31,32 2,3,11
2007/2:2,8,9,11,12,17,37 4,15,38
2007/3:5,9,26,30,32,37,38 4,8,27
2007/4:11,13,15,22,24,29,32 5,21,36
2007/5:
2007/6:3,5,15,20,23,34,35 9,16,37
2007/7:6,8,12,16,20,23,28 30,34,36
2007/8:10,15,20,28,32,36,38 4,9,16
2007/9:
2007/10:8,15,23,27,32,34,35 5,17,39
2007/11:4,11,15,20,22,23,29 7,17,25
2007/12:8,16,19,28,35,36,37 1,5,7
2007/13:2,16,17,32,35,37,39 4,27,34
2007/14:
2007/15:3,8,14,15,17,19,39 5,26,28
2007/16:1,3,12,25,26,33,38 7,14,17
2007/17:1,2,7,13,20,34,37 3,4,11
2007/18:7,12,14,17,36,38,39 6,30,32
2007/19:
2007/20:5,6,11,21,32,35,37 9,23,31
2007/21:3,7,14,23,30,36,38 12,25,35
2007/22:4,6,9,21,22,29,33 8,17,38
2007/23:6,7,8,14,19,21,25 12,28,33
2007/24:2,4,7,10,13,15,33 20,30,37
2007/25:
2007/26:3,5,7,13,14,16,31 9,11,27
2007/27:9,17,21,23,29,33,34 18,26,31
2007/28:4,7,12,22,26,37,38 1,14,25
2007/29:4,9,20,22,24,26,31 8,17,35
2007/30:
2007/31:3,15,21,24,33,38,39 10,19,27
2007/32:7,9,12,18,20,26,36 11,28,31
2007/33:1,8,9,15,22,26,31 4,14,21
2007/34:
2007/35:1,7,13,15,23,36,39 2,4,37
2007/36:
2007/37:1,4,6,7,21,32,39 11,25,28
2007/38:3,17,24,28,30,33,35 6,25,34
2007/39:
2007/40:2,6,24,27,29,34,36 3,13,31
2007/41:
2007/42:6,9,28,29,35,36,39 7,12,13
2007/43:7,8,20,22,24,26,39 2,3,9
2007/44:2,6,17,21,24,27,38 12,35,37
2007/45:2,16,18,23,25,30,37 14,31,39
2007/46:9,17,18,25,26,32,33 3,6,24
2007/47:4,11,12,16,17,28,35 5,10,13
2007/48:16,17,21,22,27,29,30 1,6,28
2007/49:4,12,15,17,18,25,29 5,27,34
2007/50:3,7,23,29,31,34,37 17,19,33
2007/51:1,16,17,18,23,29,33 21,22,30
2007/52:9,23,24,27,31,38,39 1,22,35
2008/1:18,23,24,25,32,35,39 10,36,37
2008/2:9,11,15,16,17,25,30 2,10,34
2008/3:13,15,20,27,30,32,35 1,8,33
2008/4:3,6,11,20,23,29,33 4,7,10
2008/5:2,12,17,22,24,27,29 1,19,26
2008/6:2,6,7,14,16,31,38 21,25,34
2008/7:8,12,13,14,15,16,24 9,34,39
2008/8:3,4,5,10,15,28,29 13,23,36
2008/9:3,5,6,13,14,21,26 8,24,32
2008/10:3,4,9,11,13,21,36 14,17,28
2008/11:8,21,22,29,33,35,38 14,17,18
2008/12:7,13,21,23,24,28,32 10,19,33
2008/13:1,3,6,14,18,27,35 4,22,37
2008/14:9,12,16,17,20,22,37 18,26,32
2008/15:19,21,22,27,30,32,33 6,24,38
2008/16:4,5,13,15,17,24,35 25,27,30
2008/17:11,18,23,28,30,37,38 16,19,36
2008/18:1,15,29,30,31,38,39 13,23,35
2008/19:4,9,17,20,26,27,37 7,8,19
2008/20:
2008/21:11,16,20,22,33,37,38 1,15,39
2008/22:1,9,22,23,26,35,38 12,17,29
2008/23:6,10,23,24,33,36,37 2,7,26
2008/24:1,3,17,19,21,34,38 7,10,31
2008/25:4,12,16,21,33,37,38 6,10,39
2008/26:2,7,17,20,21,32,33 13,18,39
2008/27:3,7,16,20,23,32,34 12,15,24
2008/28:
2008/29:16,24,26,29,30,36,37 3,14,25
2008/30:3,14,17,29,36,38,39 27,28,37
2008/31:3,5,12,13,18,22,38 6,9,32
2008/32:7,10,17,19,22,34,35 5,27,36
2008/33:6,9,22,23,31,33,39 3,17,38
2008/34:6,9,18,22,30,32,35 13,19,28
2008/35:7,13,22,29,35,36,38 3,14,24
2008/36:3,11,12,18,25,29,31 9,19,24
2008/37:
2008/38:
2008/39:5,7,10,14,19,36,37 11,29,32
2008/40:
2008/41:
2008/42:7,11,15,24,31,33,39 5,22,25
2008/43:6,10,16,17,18,26,29 7,31,34
2008/44:1,12,14,17,22,27,39 7,18,19
2008/45:10,13,16,17,19,27,28 14,23,36
2008/46:1,9,16,18,19,22,29 4,6,36
2008/47:4,13,16,17,21,31,32 2,28,30
2008/48:3,4,11,13,25,26,28 5,7,20
2008/49:2,4,5,18,27,32,34 14,20,33
2008/50:6,8,9,16,22,24,38 12,30,32
2008/51:5,14,17,21,29,32,35 7,34,38
2008/52:
2009/1:8,9,10,19,20,21,31 22,34,38
2009/2:11,12,14,18,24,25,34 6,16,28
2009/3:9,16,18,28,30,32,34 3,26,35
2009/4:1,7,11,22,27,28,34 9,14,25
2009/5:5,17,24,25,32,33,34 8,13,37
2009/6:1,2,6,7,27,32,36 8,19,21
2009/7:9,11,12,13,15,19,35 5,23,31
2009/8:1,7,19,26,27,33,36 9,29,38
2009/9:3,12,18,20,26,31,39 15,17,27
2009/10:19,20,24,32,33,35,38 1,10,28
2009/11:6,14,17,27,31,36,39 7,15,22
2009/12:2,5,8,14,16,31,36 21,33,34
2009/13:1,4,11,20,25,28,30 10,31,38
2009/14:4,9,12,17,27,28,30 1,14,33
2009/15:3,4,15,17,31,33,39 2,10,38
2009/16:3,7,20,24,26,33,38 10,22,30
2009/17:2,3,9,21,24,27,29 1,17,28
2009/18:2,5,6,21,37,38,39 12,18,24
2009/19:5,16,25,26,27,30,32 7,14,38
2009/20:10,22,24,26,27,30,32 1,8,38
2009/21:16,19,27,29,30,38,39 18,21,23
2009/22:6,7,9,18,19,24,27 14,31,35
2009/23:3,14,15,20,34,35,37 4,25,29
2009/24:6,7,11,18,24,31,38 19,27,30
2009/25:2,13,17,26,28,33,39 19,21,27
2009/26:5,11,16,18,26,27,32 7,23,30
2009/27:1,8,10,13,23,25,29 6,14,33
2009/28:4,8,10,11,26,30,33 1,3,38
2009/29:4,7,9,17,21,24,35 16,19,36
2009/30:10,19,23,25,27,28,36 13,14,39
2009/31:4,12,21,23,26,27,34 15,30,32
2009/32:1,5,14,16,24,27,38 9,15,23
2009/33:4,25,32,33,34,36,38 29,30,37
2009/34:17,19,28,30,33,34,36 11,20,27
2009/35:3,7,14,18,31,33,38 16,20,27
2009/36:1,5,18,21,26,29,36 3,34,35
2009/37:1,9,15,16,25,34,38 4,6,39
2009/38:6,10,12,23,24,28,30 13,26,27
2009/39:2,8,16,20,25,34,37 1,12,15
2009/40:2,4,10,25,27,35,36 20,32,37
2009/41:1,6,18,25,32,33,35 14,16,29
2009/42:2,12,18,24,27,33,34 1,9,10
2009/43:4,6,16,19,26,32,33 5,10,22
2009/44:4,5,8,31,36,37,39 1,2,16
2009/45:14,17,18,23,26,34,37 3,6,20
2009/46:3,5,26,27,28,30,32 12,13,31
2009/47:5,10,15,18,26,31,37 2,8,13
2009/48:2,4,6,23,27,31,34 18,19,21
2009/49:3,12,15,18,26,33,38 23,32,36
2009/50:3,10,11,13,18,28,38 4,6,21
2009/51:2,3,17,25,27,35,36 18,30,37
2009/52:14,18,19,20,30,32,39 11,22,27
2010/1:6,12,20,21,26,29,31 4,23,32
2010/2:13,20,28,31,33,35,37 15,32,36
2010/3:5,16,17,21,26,27,28 2,22,39
2010/4:4,14,21,23,25,26,33 22,27,32
2010/5:1,2,5,14,19,29,31 16,17,22
2010/6:2,9,11,15,19,31,37 16,27,36
2010/7:7,14,23,24,30,31,37 8,10,15
2010/8:5,21,24,28,29,36,37 12,14,22
2010/9:6,11,13,17,19,27,36 2,4,20
2010/10:2,7,14,16,20,24,25 33,34,38
2010/11:15,23,28,29,31,36,39 12,22,37
2010/12:3,15,18,20,24,31,33 2,4,36
2010/13:1,2,11,21,27,34,39 14,25,35
2010/14:7,8,11,12,13,22,25 5,9,19
2010/15:3,4,10,13,15,28,37 16,19,36
2010/16:6,21,22,24,33,34,39 11,19,32
2010/17:2,15,22,25,30,34,36 3,7,11
2010/18:2,10,14,15,16,20,36 21,29,39
2010/19:1,11,22,28,30,31,35 5,26,34
2010/20:3,9,14,20,27,28,37 15,17,36
2010/21:2,21,23,30,31,32,36 4,28,37
2010/22:3,5,17,19,26,36,38 14,25,27
2010/23:1,2,4,5,7,10,25 9,31,36
2010/24:2,3,6,8,11,15,26 21,22,35
2010/25:1,9,10,20,22,28,30 8,18,38
2010/26:9,10,26,28,29,37,38 14,18,21
2010/27:14,15,16,25,26,27,34 4,20,22
2010/28:2,13,15,20,23,27,37 3,6,33
2010/29:11,14,16,20,30,35,37 17,19,22
2010/30:10,11,13,17,19,24,39 15,23,25
2010/31:11,13,14,18,24,25,33 4,9,37
2010/32:4,12,13,16,18,27,31 21,34,35
2010/33:1,7,17,27,30,34,35 2,23,25
2010/34:2,3,6,14,20,32,39 11,16,29
2010/35:5,8,12,24,28,32,38 22,31,36
2010/36:3,5,13,22,26,27,30 6,20,34
2010/37:4,7,14,16,19,26,38 9,15,37
2010/38:4,9,13,23,25,33,35 10,20,32
2010/39:1,4,8,17,23,37,38 11,19,31
2010/40:1,7,9,23,31,35,38 8,28,32
2010/41:2,8,13,14,19,21,30 4,9,22
2010/42:1,12,19,20,22,29,34 18,33,39
2010/43:2,5,12,13,20,23,26 1,8,24
2010/44:1,5,8,14,18,28,33 15,31,32
2010/45:9,10,13,17,20,21,25 1,24,31
2010/46:6,8,9,10,22,34,38 2,26,33
2010/47:1,3,11,18,19,24,28 20,30,35
2010/48:2,7,10,18,24,26,34 8,28,37
2010/49:1,9,12,22,35,36,38 13,21,32
2010/50:1,8,11,28,30,33,37 2,4,36
2010/51:3,6,8,22,30,38,39 16,25,37
2010/52:10,18,30,35,36,37,38 2,17,19
2011/1:3,12,16,24,28,34,38 9,23,29
2011/2:7,13,14,15,20,38,39 6,9,24
2011/3:4,12,14,16,23,25,30 7,8,28
2011/4:1,5,6,21,22,30,39 24,26,28
2011/5:4,7,13,16,18,25,38 9,22,39
2011/6:2,16,18,19,22,23,34 3,8,10
2011/7:1,17,20,21,26,33,39 14,19,28
2011/8:11,21,22,23,24,26,29 13,33,36
2011/9:1,2,3,7,8,10,14 15,19,33
2011/10:4,10,11,16,24,28,32 9,33,36
2011/11:1,3,17,22,28,29,32 13,16,33
2011/12:4,6,20,28,30,34,38 18,22,26
2011/13:4,12,17,18,23,27,31 6,19,20
2011/14:8,16,21,23,25,26,37 10,12,28
2011/15:4,11,15,22,30,35,37 25,27,33
2011/16:2,4,5,7,19,22,23 9,18,20
2011/17:2,5,12,15,25,26,38 1,37,39
2011/18:6,7,10,18,19,27,28 3,33,34
2011/19:4,7,9,20,25,29,36 13,34,37
2011/20:7,13,17,18,19,24,36 3,33,37
2011/21:4,20,23,28,30,33,39 5,21,29
2011/22:7,8,13,24,29,30,38 1,10,27
2011/23:2,4,6,7,12,16,26 28,32,39
2011/24:1,12,22,25,28,35,38 6,18,36
2011/25:2,6,14,17,25,26,39 18,27,37
2011/26:6,7,12,19,22,32,36 9,16,25
2011/27:5,9,10,12,18,27,36 4,8,26
2011/28:6,8,11,15,18,30,39 22,23,26
2011/29:1,5,10,11,17,20,31 12,18,28
2011/30:3,6,18,23,24,32,36 7,21,30
2011/31:2,12,15,20,25,31,37 22,32,35
2011/32:3,11,13,26,29,32,36 8,33,35
2011/33:3,6,11,21,23,27,32 5,28,38
2011/34:3,5,10,14,29,35,39 7,28,38
2011/35:3,5,12,19,25,31,37 4,21,39
2011/36:1,2,4,20,29,35,37 7,12,30
2011/37:5,13,16,28,31,32,33 11,25,36
2011/38:5,7,8,24,29,36,39 1,26,31
2011/39:8,10,11,14,24,30,37 20,29,36
2011/40:9,10,12,15,22,35,36 2,21,32
2011/41:6,13,15,18,25,27,34 5,24
2011/42:8,12,24,30,32,36,39 13,26
2011/43:18,21,24,30,34,35,37 10,14
2011/44:2,11,14,16,18,31,32 6,15
2011/45:9,11,12,16,32,34,36 2,14
2011/46:2,4,9,10,16,19,39 13,35
2011/47:6,7,12,14,18,32,39 5,9
2011/48:9,10,12,23,29,30,35 4,13
2011/49:5,9,12,20,27,34,37 6,24
2011/50:6,11,24,25,27,36,38 10,12
2011/51:3,6,13,18,22,33,34 1,39
2011/52:7,13,21,25,27,35,37 16,19
2012/1:10,17,21,24,26,31,37 1,28
2012/2:4,7,12,19,24,32,34 3,38
2012/3:2,12,16,21,36,38,39 11,20
2012/4:5,12,17,27,32,34,35 2,21
2012/5:6,8,24,26,35,36,38 12,27
2012/6:7,9,21,22,26,28,35 16,27
2012/7:3,4,7,17,29,30,33 16,38
2012/8:6,16,20,23,26,27,28 12,39
2012/9:2,17,18,30,32,33,37 8,10
2012/10:8,18,23,28,33,35,39 25,37
2012/11:4,6,11,19,24,35,38 5,18
2012/12:5,9,17,18,27,29,37 15,25
2012/13:5,8,12,17,25,35,38 22,36
2012/14:3,13,16,18,20,23,28 12,21
2012/15:1,3,6,8,16,17,26 19,37
2012/16:3,4,5,19,23,25,35 15,28
2012/17:10,14,15,22,33,37,39 18,24
2012/18:2,4,5,12,14,18,27 8,31
2012/19:6,19,23,35,36,38,39 9,22
2012/20:1,15,16,19,24,33,37 6,32
2012/21:1,2,16,18,22,24,26 12,17
2012/22:3,8,15,24,26,35,39 2,37
2012/23:3,18,22,27,33,36,38 5,20
2012/24:6,8,21,26,31,36,39 12,13
2012/25:2,6,19,25,26,28,30 24,36
2012/26:1,8,15,22,33,34,37 31,38
2012/27:1,20,25,29,33,34,35 3,27
2012/28:3,9,31,34,35,38,39 5,25
2012/29:6,18,19,27,29,33,35 15,17
2012/30:3,5,8,15,20,26,35 16,19
2012/31:1,10,12,21,23,31,36 24,39
2012/32:3,12,17,18,21,29,39 6,11
2012/33:10,11,19,20,27,32,34 16,24
2012/34:8,14,15,20,26,28,31 7,11
2012/35:3,8,11,13,22,27,35 7,24
2012/36:2,4,9,10,12,24,32 8,23
2012/37:1,4,11,17,22,34,39 7,32
2012/38:5,10,12,15,18,21,23 1,4
2012/39:4,9,12,14,19,32,38 21,30
2012/40:5,6,7,9,26,32,39 16,38
2012/41:10,12,15,29,31,33,39 22,28
2012/42:13,16,19,25,30,32,39 7,9
2012/43:9,17,22,29,34,35,36 13,16
2012/44:1,14,16,20,23,26,36 12,33
2012/45:5,13,15,20,31,37,39 2,4
2012/46:2,5,6,9,35,36,39 14,37
2012/47:7,12,15,18,26,35,36 4,9
2012/48:3,4,5,6,11,13,20 10,37
2012/49:2,6,9,15,16,17,34 28,39
2012/50:1,3,6,13,25,32,34 2,29
2012/51:4,9,18,33,35,36,39 7,16
2012/52:2,7,8,9,19,22,23 5,15
2013/1:3,6,8,13,15,26,39 14,27
2013/2:6,9,15,17,36,38,39 18,21
2013/3:8,9,13,18,19,32,33 22,31
2013/4:12,13,14,23,24,27,30 16,33
2013/5:5,9,12,14,23,26,38 6,35
2013/6:1,4,12,16,27,34,35 2,36
2013/7:4,5,11,23,32,33,37 3,36
2013/8:4,13,16,27,30,31,39 1,6
2013/9:3,6,10,11,18,27,37 13,22
2013/10:1,6,21,23,31,33,38 12,39
2013/11:3,7,16,28,30,32,36 2,25
2013/12:2,9,16,20,21,33,36 15,34
2013/13:3,5,7,9,15,18,19 22,38
2013/14:6,19,20,25,31,37,39 4,27
2013/15:5,9,19,20,32,33,35 2,13
2013/16:4,15,21,27,29,34,37 11,17
2013/17:4,12,15,16,19,21,27 10,17
2013/18:5,11,13,20,23,26,35 30,37
2013/19:1,6,21,24,28,30,33 19,35
2013/20:1,9,16,28,30,33,35 32,38
2013/21:24,27,28,31,32,33,37 11,25
2013/22:4,6,7,11,25,28,34 1,36
2013/23:3,4,10,16,20,35,39 18,36
2013/24:1,2,7,18,29,33,39 16,34
2013/25:10,17,25,32,34,36,39 4,9
2013/26:10,15,24,25,26,27,35 2,37
2013/27:7,10,12,18,21,27,38 11,35
2013/28:3,11,17,25,26,32,37 10,38
2013/29:1,12,19,20,22,25,31 38,39
2013/30:2,6,12,15,17,19,35 1,8
2013/31:11,13,19,31,33,35,38 1,9
2013/32:6,11,18,25,26,30,32 9,36
2013/33:2,14,15,16,17,19,31 20,37
2013/34:12,15,18,21,24,25,29 4,26
2013/35:9,16,20,26,29,30,37 18,39
2013/36:3,7,15,17,34,38,39 2,16
2013/37:1,9,13,15,18,36,37 11,17
2013/38:5,8,9,10,12,27,30 1,11
2013/39:2,8,10,21,27,31,34 3,24
2013/40:1,17,23,28,30,32,33 16,39
2013/41:2,3,21,22,29,34,39 7,9
2013/42:4,10,17,19,20,33,36 28,37
2013/43:6,7,9,18,27,34,36 17,31
2013/44:1,6,12,19,22,32,35 8,34
2013/45:1,3,7,18,27,33,34 22,38
2013/46:6,10,16,17,18,26,35 20,23
2013/47:5,7,8,12,20,37,39 26,29
2013/48:14,16,20,21,23,25,26 28,35
2013/49:1,5,9,12,14,22,26 4,28
2013/50:2,3,10,17,23,30,35 16,18
2013/51:5,12,13,14,27,28,31 9,20
2013/52:2,4,19,22,25,26,39 6,37
2014/1:6,7,9,20,21,22,35 2,37
2014/2:3,17,29,32,33,35,36 1,21
2014/3:4,9,15,16,20,32,34 14,37
2014/4:1,4,5,12,16,27,33 24,34
2014/5:15,22,25,26,28,29,39 13,24
2014/6:5,14,16,18,21,24,28 19,23
2014/7:16,18,22,27,33,36,38 31,34
2014/8:2,3,20,25,29,33,39 13,21
2014/9:1,7,8,20,25,27,34 6,33
2014/10:2,3,13,28,29,31,36 17,39
2014/11:13,14,24,27,29,34,39 10,18
2014/12:5,9,13,14,22,31,39 25,35
2014/13:7,9,13,15,17,25,26 23,39
2014/14:1,2,4,22,25,31,32 18,23
2014/15:11,12,15,18,23,32,36 19,29
2014/16:1,7,8,19,25,33,38 16,27
2014/17:1,2,5,13,25,33,34 8,12
2014/18:4,15,17,27,36,37,38 10,32
2014/19:3,8,9,25,30,35,39 27,37
2014/20:1,3,13,18,21,35,39 5,9
2014/21:19,26,28,30,34,36,39 31,38
2014/22:8,11,16,19,24,27,37 18,38
2014/23:1,11,19,20,22,28,39 27,34
2014/24:4,11,12,19,34,35,37 2,7
2014/25:3,12,13,18,19,25,37 6,31
2014/26:1,2,16,22,28,31,33 11,18
2014/27:3,5,6,25,26,28,35 16,18
2014/28:8,12,16,18,19,27,36 24,32
2014/29:6,19,23,24,26,27,39 5,28
2014/30:3,9,20,21,22,36,39 5,14
2014/31:3,15,20,21,29,30,33 6,10
2014/32:3,9,24,26,27,31,36 17,37
2014/33:2,11,12,14,21,26,32 8,16
2014/34:1,2,9,24,27,29,30 8,36
2014/35:3,6,12,13,15,18,34 24,35
2014/36:5,8,10,11,25,29,35 20,31
2014/37:4,13,17,27,31,34,36 5,33
2014/38:9,12,30,31,35,36,39 8,24
2014/39:3,5,9,11,20,26,28 2,21
2014/40:15,17,24,26,31,32,37 9,12
2014/41:15,20,24,27,32,36,38 2,21
2014/42:6,15,22,26,27,36,37 7,19
2014/43:9,14,25,27,31,33,38 8,39
2014/44:8,15,16,19,31,32,39 29,35
2014/45:3,8,11,13,18,20,25 5,33
2014/46:1,2,3,11,25,28,31 14,29
2014/47:1,4,16,21,34,36,37 15,25
2014/48:4,6,8,15,16,22,27 2,29
2014/49:12,13,17,19,21,25,37 7,22
2014/50:1,2,10,14,23,29,34 24,26
2014/51:4,5,15,19,23,37,38 1,2
2014/52:5,11,16,17,22,24,26 1,32
2015/1:2,7,18,20,34,36,38 24,30
2015/2:1,4,8,9,15,18,27 7,12
2015/3:4,5,9,15,20,28,31 21,34
2015/4:1,2,3,6,17,23,27 30,32
2015/5:5,8,10,12,18,28,32 4,35
2015/6:9,14,17,23,25,31,36 26,29
2015/7:6,10,20,21,24,27,36 32,38
2015/8:10,14,16,26,28,32,35 7,23
2015/9:5,9,10,17,28,29,35 21,34
2015/10:15,16,19,22,24,32,33 4,9
2015/11:2,6,8,17,19,24,30 9,16
2015/12:4,14,20,25,26,36,38 9,32
2015/13:1,4,9,18,20,23,38 6,26
2015/14:7,10,13,27,28,32,37 1,9
2015/15:5,13,14,15,22,24,27 1,23
2015/16:1,5,6,15,19,24,29 4,18
2015/17:4,11,14,18,19,21,36 9,24
2015/18:3,7,9,27,30,32,38 8,29
2015/19:7,10,11,13,15,21,33 17,22
2015/20:18,21,27,31,34,35,39 2,36
2015/21:14,15,22,26,29,30,33 16,28
2015/22:3,5,12,17,23,29,39 37,38
2015/23:1,10,13,14,33,37,39 19,20
2015/24:4,9,31,32,33,34,37 6,18
2015/25:1,5,10,13,29,33,34 20,39
2015/26:2,10,11,12,23,26,38 8,34
2015/27:11,16,20,21,23,31,37 25,32
2015/28:3,6,18,20,23,24,26 13,35
2015/29:5,10,13,17,21,23,34 1,16
2015/30:5,10,11,18,19,26,29 30,38
2015/31:1,10,20,25,28,30,32 5,15
2015/32:3,6,9,13,19,21,36 24,29
2015/33:4,9,10,28,29,33,36 15,30
2015/34:3,7,9,14,16,17,29 11,25
2015/35:6,11,14,17,25,29,35 8,16
2015/36:11,13,14,18,20,25,34 15,35
2015/37:3,8,14,23,27,29,32 2,20
2015/38:1,8,9,14,34,35,37 19,24
2015/39:3,7,10,16,19,30,33 6,9
2015/40:10,11,13,18,31,32,37 5,23
2015/41:1,9,12,17,19,35,36 30,32
2015/42:1,12,13,19,29,32,39 21,34
2015/43:7,8,15,16,21,22,25 10,31
2015/44:1,2,5,27,32,34,38 11,14
2015/45:1,4,9,13,28,29,31 8,11
2015/46:8,12,14,25,30,31,35 29,36
2015/47:4,14,19,28,31,36,37 3,13
2015/48:3,4,7,14,15,28,39 24,30
2015/49:9,16,26,29,35,36,38 13,37
2015/50:10,11,13,17,26,27,31 4,15
